134 211	288 213
145 211	299 213
132 234	299 237
140 140	251 141
153 133	260 135
142 170	271 172
167 137	276 136
156 170	287 170
177 170	305 170
196 139	308 140
190 162	313 161
223 134	330 134
213 171	342 169
197 161	320 160
220 160	345 160
255 134	361 135
237 134	346 133
232 151	349 150
225 171	354 170
173 70	227 70
296 70	348 72
98 327	301 329
221 330	424 326
365 259	159 260
363 305	159 307
356 348	168 347
342 392	183 390
329 421	195 422
107 365	296 370
228 372	414 366
145 106	234 106
290 107	380 105
95 272	282 275
241 276	429 270
170 211	324 213
